Set nodes /
1, 2, 3, 4, 5, 6, 7
/;

Set pipes /
1, 2, 3, 4, 5, 6, 7, 8, 9, 10, 11, 12, 13, 14
/;

Set arcs /
(1,2), (2,4), (2,3), (3,5), (4,5), (4,6), (7,5), (6,7)
/;

Set Source /
1
/;

Table arcs, L, vmax
        2  4  5  6  7
1    2  1000  2
2    4  1000  2
2    3  1000  2
3    5  1000  2
4    5  1000  2
4    6  1000  2
7    5  1000  2
6    7  1000  2
;

Parameter d(pipes) /
1  25.4, 2  50.8, 3  76.2, 4  101.6, 5  152.4,
6  203.2, 7  254, 8  304.8, 9  355.6, 10  406.4,
11  457.2, 12  508, 13  558.8, 14  609.6
/;

Parameter C(pipes) /
1  2, 2  5, 3  8, 4  11, 5  16, 6  23, 7  32, 8  50,
9  60, 10  90, 11  130, 12  170, 13  300, 14  550
/;

Parameter R(pipes) / 1*14  130 /;

Parameter E(nodes) /
1  210, 2  150, 3  160, 4  155, 5  150, 6  165, 7  160
/;

Parameter P(nodes) /
1  0, 2  30, 3  30, 4  30, 5  30, 6  30, 7  30
/;

Parameter D(nodes) /
1  -311.1087, 2  27.7777, 3  27.777, 4  33.333, 5  75, 6  91.666, 7  55.555
/;

