#Bragalli, D'Ambrosio, Lee, Lodi, Toth (2008)
#PARAMETERS' DEFINITION FOR THE NEW YORK TUNNEL NETWORK

#Node's parameters: elevation, water demand, minumum pressure, maximum pressure

param: nodes:     E          D            P           pmax		:=
       2         0.00	     2.61647694           77.72             91.44
       3         0.00        2.61647694           77.72             91.44
       4         0.00        2.49754617           77.72             91.44
       5         0.00        2.49754617           77.72             91.44
       6         0.00        2.49754617           77.72             91.44
       7         0.00        2.49754617           77.72             91.44
       8         0.00        2.49754617           77.72             91.44
       9         0.00        4.81386450           77.72             91.44
       10        0.00        0.02831685           77.72             91.44
       11        0.00        4.81386450           77.72             91.44
       12        0.00        3.31590314           77.72             91.44
       13        0.00        3.31590314           77.72             91.44
       14        0.00        2.61647694           77.72             91.44
       15        0.00        2.61647694           77.72             91.44
       16        0.00        4.81386450           79.25             91.44
       17        0.00        1.62821888           83.15             91.44
       18        0.00        3.31590314           77.72             91.44
       19        0.00        3.31590314           77.72             91.44
       20        0.00        4.81386450           77.72             91.44 #;
       #reservoirs and tanks
       1       	 91.44        0.00                0.00              0.00 ;

#Pipe's parameters: start node, end node, length, maximum velocity

param:   arcs:                    L        R        vmax    exdiam	 excost:=
1                2             3535.69     100        4		4.572	2260.50
2                3             6035.06     100        4		4.572	2260.50
3                4             2225.05     100        4		4.572	2260.50
4                5             2529.85     100        4		4.572 	2260.50
5                6             2621.29     100        4		4.572	2260.50
6                7	        5821.70     100       4		4.572	2260.50
7                8             2926.09     100        4		3.353	1538.71
8                9             3810.01     100        4		3.353	1538.71
9                10            2926.09     100        4		4.572	2260.50	
11               9             3413.77     100        4		5.182   2637.80	
12               11            4419.61     100        4		5.182	2637.80
13               12            3718.57     100        4		5.182	2637.80
14               13            7345.70     100        4		5.182	2637.80
15               14            6431.30     100        4		5.182	2637.80
1                15            4724.42     100        4		5.182	2637.80
10               17            8046.75     100        4		1.829	725.07
12               18            9509.79     100        4		1.829	725.07
18               19            7315.22     100        4		1.524	577.43
11               20            4389.13     100        4		1.524	577.43
20               16           11704.36     100        4		1.524	577.43
 9               16            8046.75     100        4		1.829	725.07 ;

#param dmin :=   0.9144000 ; # minimum diameter (should match the minimum discrete diameter)
#param dmax :=  5.1816000; # maximum diameter (should match the maximum discrete diameter)
set Source:= 1 ;     # source nodes

#Diameter's parameters: diameter, cost 
param: pipes:      d                                C :=
 1                0.9144000                           306.75
 2                1.2192000                           439.63
 3                1.5240000                           577.43
 4                1.8288000                           725.07
 5                2.1336000                           875.98
 6                2.4384000                          1036.75
 7                2.7432000                          1197.51
 8                3.0480000                          1368.11
9                3.3528000                          1538.71
10                3.6576000                          1712.60
11                3.9624000                          1893.04
12                4.2672000                          2073.49
13                4.5720000                          2260.50
14                4.8768000                          2447.51
15                5.1816000                          2637.80 ;

