#Bragalli, D'Ambrosio, Lee, Lodi, Toth (2008)
#PARAMETERS' DEFINITION FOR THE NEW YORK TUNNEL NETWORK

#Node's parameters: elevation, water demand, minumum pressure, maximum pressure

param: NODE:     E          D            P           pmax		:=
       2         0.00	     2.61647694           77.72             91.44
       3         0.00        2.61647694           77.72             91.44
       4         0.00        2.49754617           77.72             91.44
       5         0.00        2.49754617           77.72             91.44
       6         0.00        2.49754617           77.72             91.44
       7         0.00        2.49754617           77.72             91.44
       8         0.00        2.49754617           77.72             91.44
       9         0.00        4.81386450           77.72             91.44
       10        0.00        0.02831685           77.72             91.44
       11        0.00        4.81386450           77.72             91.44
       12        0.00        3.31590314           77.72             91.44
       13        0.00        3.31590314           77.72             91.44
       14        0.00        2.61647694           77.72             91.44
       15        0.00        2.61647694           77.72             91.44
       16        0.00        4.81386450           79.25             91.44
       17        0.00        1.62821888           83.15             91.44
       18        0.00        3.31590314           77.72             91.44
       19        0.00        3.31590314           77.72             91.44
       20        0.00        4.81386450           77.72             91.44 #;
       #reservoirs and tanks
       1       	 0.00        0.00              91.44           91.44 ;

#Pipe's parameters: start node, end node, length, maximum velocity

param:   arcs:                    L        dKc        vmax    exdiam	:=
1                2             3535.69     100        4		4.572
2                3             6035.06     100        4		4.572
3                4             2225.05     100        4		4.572
4                5             2529.85     100        4		4.572
5                6             2621.29     100        4		4.572
6                7	        5821.70     100       4		4.572
7                8             2926.09     100        4		3.353
8                9             3810.01     100        4		3.353
9                10            2926.09     100        4		4.572	
11               9             3413.77     100        4		5.182
12               11            4419.61     100        4		5.182
13               12            3718.57     100        4		5.182
14               13            7345.70     100        4		5.182
15               14            6431.30     100        4		5.182
1                15            4724.42     100        4		5.182
10               17            8046.75     100        4		1.829
12               18            9509.79     100        4		1.829
18               19            7315.22     100        4		1.524
11               20            4389.13     100        4		1.524
20               16           11704.36     100        4		1.524
 9               16            8046.75     100        4		1.829 ;

param dmin := 1.2192048; # minimum diameter (should match the minimum discrete diameter)
param dmax := 4.5720180; # maximum diameter (should match the maximum discrete diameter)
param d:= 0.0005;    # DO NOT CHANGE
param p:= 1.852;     # DO NOT CHANGE
set source:= 1 ;     # source nodes

#Diameter's parameters: diameter, cost 

param: pipes:      d                                C :=
 1                1.2192048                          	       439.63
 2                1.5240060                          	       577.43
 3		  1.8288072				       	725.06
 4		  2.1336084				    	   	879.26
 5		  2.4384096				      	 	1036.74
 6		  2.7432108				       	1197.50
 7		  3.0480120				       	1364.825
 8		  3.3528132				       	1538.709
 9		  3.6576144				       	1712.59
10		  3.9624156				       	1893.04
11 		  4.2672168				       	2073.48
12                4.5720180				       	2260.49 ;
